631
589
575
1709
238
729
1906
977
601
577
1489
198
480
650
112
629
982
1661
1754
105
612
1035
1890
667
2032
1176
1957
1483
1030
1465
1844
605
49
983
590
574
155
249
594
202
477
511
1910
638
1915
924
925
227
592
1905
1262
799
870
1926
1241
1886
132
648
1991
640
131
602
1311
101
1021
637
584
644
812
802
615
632
1343
1919
1764
1704
839
1975
1495
550
801
600
1900
1308
669
1513
535
998
1542
768
656
1967
1546
1913
1243
1928
1038
604
642
1896
1636
1325
2040
1284
139
782
573
1490
670
437
405
536
451
1864
662
1154
981
123
1409
559
636
1589
1380
1334
206
576
627
623
1869
221
651
1316
579
657
1296
490
1519
1885
599
194
643
344
365
607
663
645
1093
617
1349
668
639
1572
92
603
220
1895
587
1768
